C类例子(lw161~lw1972)：
数据文件格式：
width1 length1
...
widthn lengthn
	n	W	LB
C11	16	20	20
C12	17	20	20
C13	16	20	20
C21	25	40	15
C22	25	40	15
C23	25	40	15
C31	28	60	30
C32	29	60	30
C33	28	60	30
C41	49	60	60
C42	49	60	60
C43	49	60	60
C51	73	60	90
C52	73	60	90
C53	73	60	90
C61	97	80	120
C62	97	80	120
C63	97	80	120
C71	196	160	240
C72	197	160	240
C73	196	160	240

N类例子(n1~n13)：
数据文件格式：
width1 length1
...
widthn lengthn
	n	W	LB
N1	10	40	40
N2	20	30	50
N3	30	30	50
N4	40	80	80
N5	50	100	100
N6	60	50	100
N7	70	80	100
N8	80	100	80
N9	100	50	150
N10	200	70	150
N11	300	70	150
N12	500	100	300
N13	3152	640	960

NT类例子(n1a~n7e,t1a~t7e)：
数据文件格式：
W L
n
width1 length1
...
widthn lengthn

	n	W	LB
n1a	17	200	200
n1b	17	200	200
n1c	17	200	200
n1d	17	200	200
n1e	17	200	200
n2a	25	200	200
n2b	25	200	200
n2c	25	200	200
n2d	25	200	200
n2e	25	200	200
n3a	29	200	200
n3b	29	200	200
n3c	29	200	200
n3d	29	200	200
n3e	29	200	200
n4a	49	200	200
n4b	49	200	200
n4c	49	200	200
n4d	49	200	200
n4e	49	200	200
n5a	73	200	200
n5b	73	200	200
n5c	73	200	200
n5d	73	200	200
n5e	73	200	200
n6a	97	200	200
n6b	97	200	200
n6c	97	200	200
n6d	97	200	200
n6e	97	200	200
n7a	199	200	200
n7b	199	200	200
n7c	199	200	200
n7d	199	200	200
n7e	199	200	200
t1a	17	200	200
t1b	17	200	200
t1c	17	200	200
t1d	17	200	200
t1e	17	200	200
t2a	25	200	200
t2b	25	200	200
t2c	25	200	200
t2d	25	200	200
t2e	25	200	200
t3a	29	200	200
t3b	29	200	200
t3c	29	200	200
t3d	29	200	200
t3e	29	200	200
t4a	49	200	200
t4b	49	200	200
t4c	49	200	200
t4d	49	200	200
t4e	49	200	200
t5a	73	200	200
t5b	73	200	200
t5c	73	200	200
t5d	73	200	200
t5e	73	200	200
t6a	97	200	200
t6b	97	200	200
t6c	97	200	200
t6d	97	200	200
t6e	97	200	200
t7a	199	200	200
t7b	199	200	200
t7c	199	200	200
t7d	199	200	200
t7e	199	200	200

CX类例子：
数据文件格式：
width1 length1
...
widthn lengthn
	n	W	LB
50cx	50	400	600
100cx	100	400	600
500cx	500	400	600
1000cx	1000	400	600
5000cx	5000	400	600
10000cx	10000	400	600
15000cx	15000	400	600

2SP类例子：
数据文件格式：
n
W
1 width1 length1
...
n widthn lengthn
	n	W	LB
cgcut1	16	10	23
cgcut2	23	70	63
cgcut3	62	70	636

ngcut1	10	10	23
ngcut2	17	10	30
ngcut3	21	10	28
ngcut4	7	10	20
ngcut5	14	10	36
ngcut6	15	10	29
ngcut7	8	20	20
ngcut8	13	20	32
ngcut9	18	20	49
ngcut10	13	30	80
ngcut11	15	30	50
ngcut12	22	30	87
beng1	20	25	30
beng2	40	25	57
beng3	60	25	84
beng4	80	25	107
beng5	100	25	134
beng6	40	40	36
beng7	80	40	67
beng8	120	40	101
beng9	160	40	126
beng10	200	40	156

gcut类例子：
数据文件格式：
n
x W
length1 width1 x
...
lengthn widthn x
        n	W	LB
gcut1	10	250	1016
gcut2	20	250	1133
gcut3	30	250	1803
gcut4	50	250	2934
gcut5	10	500	1172
gcut6	20	500	2514
gcut7	30	500	4641
gcut8	50	500	5703
gcut9	10	1000	2022
gcut10	20	1000	5356
gcut11	30	1000	6537
gcut12	50	1000	12522
gcut13	32	3000	4772

BWMV类例子(C_1_1~C_10_500)：
数据文件格式：
W L
n
width1 length1
...
widthn lengthn
	n	W	LB
C01	20	10	60.3
	40	10	121.6
	60	10	187.4
	80	10	262.2
	100	10	304.4
C02	20	30	19.7
	40	30	39.1
	60	30	60.1
	80	30	83.2
	100	30	100.5
C03	20	40	157.4
	40	40	328.8
	60	40	500
	80	40	701.7
	100	40	832.7
C04	20	100	61.4
	40	100	123.9
	60	100	193
	80	100	267.2
	100	100	322
C05	20	100	512.2
	40	100	1053.8
	60	100	1614
	80	100	2268.4
	100	100	2617.4
C06	20	10	159.9
	40	10	323.5
	60	10	505.1
	80	10	699.7
	100	10	843.8
C07	20	30	490.4
	40	30	1049.7
	60	30	1515.9
	80	30	2206.1
	100	30	2627
C08	20	40	434.6
	40	40	922
	60	40	1360.9
	80	40	1909.3
	100	40	2362.8
C09	20	100	1106.8
	40	100	2189.2
	60	100	3410.4
	80	100	4578.6
	100	100	5430.5
C10	20	100	337.8
	40	100	642.8
	60	100	911.1
	80	100	1177.6
	100	100	1476.5

Nice和Path类例子：
数据文件格式：
width1 length1
...
widthn lengthn
	n	W	LB
Nice1	25	1000	1000
Nice2	50	1000	1001
Nice3	100	1000	1001
Nice4	200	1000	1001
Nice5	500	1000	1000
Nice6	1000	1000	999

Path1	25	1000	1001
Path2	50	1000	1000
Path3	100	1000	1000
Path4	200	1000	1002
Path5	500	1000	1000
Path6	1000	1000	1002

Nicet和Patht类例子：
数据文件格式：
W L x
n
width1 length1
...
widthn lengthn
	n	W	LB
Nice1t	1000	1000	1001
	1000	1000	1001
	1000	1000	1000
	1000	1000	1000
	1000	1000	1000
	1000	1000	1001
	1000	1000	1000
	1000	1000	1001
	1000	1000	1000
	1000	1000	1001
Nice2t	2000	1000	1001
	2000	1000	1001
	2000	1000	1000
	2000	1000	1000
	2000	1000	1000
	2000	1000	1000
	2000	1000	1001
	2000	1000	1001
	2000	1000	1001
	2000	1000	1001
Nice5t	5000	1000	1000
	5000	1000	1001
	5000	1000	1001
	5000	1000	1000
	5000	1000	1001
	5000	1000	1000
	5000	1000	1001
	5000	1000	1000
	5000	1000	1001
	5000	1000	1000
Path1t	1000	1000	999
	1000	1000	1001
	1000	1000	1001
	1000	1000	1000
	1000	1000	1003
	1000	1000	1002
	1000	1000	999
	1000	1000	1000
	1000	1000	999
	1000	1000	1002
Path2t	2000	1000	1000
	2000	1000	1002
	2000	1000	1000
	2000	1000	999
	2000	1000	1002
	2000	1000	1002
	2000	1000	998
	2000	1000	998
	2000	1000	1001
	2000	1000	1003
Path5t	5000	1000	1000
	5000	1000	998
	5000	1000	1000
	5000	1000	995
	5000	1000	1004
	5000	1000	1000
	5000	1000	998
	5000	1000	996
	5000	1000	997
	5000	1000	1002

ZDF类例子：
数据文件格式：
width1 length1
...
widthn lengthn
	n	W	LB
zdf1	580	100	330
zdf2	660	100	357
zdf3	740	100	384
zdf4	820	100	407
zdf5	900	100	434
zdf6	1532	3000	4872
zdf7	2432	3000	4852
zdf8	2532	3000	5172
zdf9	5032	3000	5172
zdf10	5064	6000	5172
zdf11	7564	6000	5172
zdf12	10064	6000	5172
zdf13	15096	9000	5172
zdf14	25032	3000	5172
zdf15	50032	3000	5172
zdf16	75032	3000	5172